route_id;plan;
100;4;
103;16;
104;4;
105;11;
106;6;
107;5;
108;23;
109;12;
110;8;
111;2;
112;3;
113;3;
115;20;
116;8;
119;6;
120;4;
122;10;
126;8;
127;5;
128;4;
129;6;
131;4;
133;5;
135;3;
137;8;
138;6;
142;5;
144;15;
145;2;
147;3;
148;9;
150;9;
151;8;
152;7;
153;2;
154;7;
155;6;
157;2;
158;11;
159;14;
160;9;
161;3;
162;8;
163;5;
164;4;
166;7;
168;7;
169;10;
170;6;
171;12;
173;8;
174;6;
175;9;
176;9;
177;3;
178;10;
179;10;
181;6;
182;3;
183;6;
184;5;
186;26;
188;10;
190;6;
191;5;
194;3;
196;23;
197;10;
198;6;
199;5;
201;3;
202;6;
203;5;
204;4;
206;4;
207;30;
208;7;
210;41;
211;9;
213;3;
214;6;
215;6;
217;5;
218;9;
219;4;
222;6;
223;4;
225;29;
230;11;
231;2;
232;18;
233;25;
235;9;
236;5;
237;15;
238;5;
239;6;
240;21;
241;14;
242;15;
244;6;
245;5;
246;16;
247;12;
248;4;
249;1;
250;11;
251;2;
252;14;
253;4;
254;18;
257;4;
258;10;
259;20;
260;5;
263;4;
264;10;
265;12;
266;10;
267;11;
270;10;
271;15;
272;4;
273;17;
274;3;
276;11;
277;10;
278;13;
279;17;
280;18;
281;7;
282;3;
283;18;
284;11;
285;30;
287;9;
288;4;
289;16;
290;9;
291;7;
292;3;
293;5;
295;3;
297;22;
300;4;
301;45;
302;5;
303;5;
304;8;
305;24;
306;7;
307;2;
308;4;
309;8;
310;15;
311;20;
312;9;
313;11;
314;17;
315;8;
319;10;
320;8;
321;1;
322;18;
323;11;
324;7;
325;26;
326;4;
328;8;
329;11;
330;26;
331;31;
332;26;
333;33;
335;6;
336;4;
337;3;
338;20;
339;12;
340;4;
341;6;
342;8;
343;22;
344;3;
346;7;
347;12;
348;7;
349;10;
350;3;
351;8;
352;19;
355;8;
356;4;
357;15;
358;36;
359;12;
361;12;
362;14;
363;13;
364;6;
365;3;
366;24;
367;9;
368;10;
369;4;
371;22;
372;14;
373;8;
374;19;
375;36;
376;5;
377;6;
382;4;
383;31;
384;24;
385;7;
386;9;
387;17;
390;11;
392;8;
394;16;
395;10;
396;8;
397;11;
398;4;
400;7;
401;15;
402;2;
403;8;
404;4;
405;5;
406;5;
407;13;
410;6;
412;12;
414;14;
416;14;
419;14;
420;10;
421;2;
422;18;
423;7;
426;7;
428;7;
432;24;
433;3;
434;10;
436;6;
438;2;
439;5;
441;15;
442;13;
443;19;
444;37;
445;12;
447;6;
448;7;
449;4;
450;10;
451;21;
452;13;
453;12;
454;4;
455;10;
459;4;
462;5;
463;4;
464;17;
466;7;
470;10;
471;9;
475;30;
476;3;
480;8;
481;8;
484;3;
485;3;
487;7;
489;7;
490;24;
491;18;
492;17;
494;24;
495;12;
497;23;
499;8;
500;13;
502;27;
503;29;
504;34;
505;20;
509;4;
512;1;
515;13;
516;5;
520;8;
524;31;
525;23;
526;36;
527;4;
528;2;
529;34;
530;7;
531;17;
532;6;
534;8;
535;14;
537;16;
538;2;
539;6;
541;12;
544;22;
545;9;
546;2;
547;11;
548;13;
550;8;
553;27;
554;6;
556;12;
557;13;
558;13;
563;11;
564;15;
565;5;
567;6;
568;5;
569;1;
570;5;
571;12;
573;4;
574;5;
576;5;
577;2;
580;14;
581;23;
582;1;
583;4;
584;3;
585;12;
586;7;
589;5;
591;19;
593;8;
594;6;
598;6;
599;5;
600;4;
601;6;
602;2;
604;2;
605;9;
606;3;
607;4;
608;3;
610;19;
611;7;
612;11;
615;2;
616;14;
617;9;
619;8;
620;4;
621;1;
622;11;
624;9;
627;6;
628;4;
630;6;
634;7;
638;5;
639;3;
643;7;
644;7;
645;3;
647;13;
649;8;
650;12;
651;3;
652;14;
653;12;
655;19;
657;13;
659;8;
660;3;
665;8;
667;8;
668;5;
669;7;
670;11;
672;1;
673;6;
674;3;
675;4;
676;12;
677;6;
678;4;
680;5;
682;14;
684;7;
685;7;
686;4;
688;6;
689;7;
690;1;
692;5;
693;7;
694;13;
695;6;
697;10;
698;2;
699;4;
700;14;
701;4;
702;1;
706;34;
711;9;
712;8;
713;10;
717;5;
718;4;
719;3;
720;13;
721;23;
722;3;
723;20;
724;8;
725;6;
727;4;
728;4;
732;13;
734;4;
735;8;
740;3;
742;5;
746;12;
747;3;
748;10;
750;5;
751;5;
752;3;
754;2;
755;7;
758;17;
759;5;
761;15;
763;6;
765;11;
767;4;
768;15;
769;15;
771;12;
773;4;
774;10;
775;4;
776;4;
777;10;
779;4;
782;2;
784;4;
785;5;
787;8;
789;7;
791;3;
793;13;
795;33;
800;8;
801;10;
802;5;
803;14;
805;16;
808;11;
809;2;
810;6;
812;10;
813;6;
815;5;
816;7;
818;3;
819;3;
822;15;
823;2;
824;5;
825;3;
827;12;
828;7;
830;9;
833;16;
835;4;
836;15;
837;33;
838;3;
840;12;
841;24;
845;3;
846;15;
847;7;
848;20;
849;19;
850;8;
851;5;
853;6;
856;16;
857;19;
858;12;
860;17;
862;4;
863;13;
864;4;
865;11;
866;3;
867;26;
870;2;
871;5;
873;8;
875;19;
879;3;
881;5;
885;7;
887;9;
889;8;
890;8;
893;6;
894;8;
896;8;
905;5;
909;3;
913;8;
914;9;
916;9;
920;8;
925;2;
931;4;
937;1;
939;22;
941;2;
944;6;
945;4;
946;12;
947;2;
951;3;
952;10;
953;3;
957;19;
958;2;
963;4;
968;7;
970;8;
976;5;
981;7;
983;8;
988;5;
990;9;
993;2;
995;5;
999;16;
1002;28;
1006;9;
1024;19;
1025;8;
1026;3;
1027;1;
1028;9;
1032;14;
1035;1;
1036;24;
1037;5;
1063;5;
1074;13;
1076;4;
1077;4;
1080;4;
1083;3;
1088;6;
1091;5;
1093;4;
1095;5;
1096;5;
1100;8;
1103;3;
1138;5;
1163;3;
1173;5;
1174;19;
1178;19;
1209;5;
1212;7;
1213;12;
1215;4;
1216;10;
1217;11;
1219;18;
1221;1;
1226;13;
1228;4;
1229;5;
1230;5;
1238;3;
1239;13;
1240;27;
1241;18;
1242;15;
1243;3;
1244;1;
1264;9;
1270;3;
1281;11;
1286;4;
1288;9;
1292;3;
1294;13;
1298;11;
1300;3;
1330;9;
1510;6;
1518;10;
1575;3;
1576;7;
1601;17;
1602;10;
1603;11;
1604;21;
1605;16;
1614;10;
1615;7;
1618;9;
1637;3;
1638;13;
1648;2;
1649;1;
1650;2;
1652;1;
1653;15;
1656;6;
1657;1;
1661;21;
1663;27;
1664;33;
1665;2;
1670;50;
1672;32;
1681;6;
1691;10;
1692;9;
1693;28;
1696;14;
1697;15;
1700;5;
1704;25;
1706;26;
1708;19;
1710;7;
1713;12;
1719;5;
1722;12;
1726;13;
1728;7;
1729;3;
1732;23;
1734;3;
1735;2;
1737;16;
1740;17;
1741;18;
1742;2;
1744;3;
1750;6;
1751;8;
1752;2;
1753;3;
1754;5;
1755;2;
1756;4;
1763;9;
1765;4;
1766;8;
1770;6;
1779;13;
1782;20;
1783;4;
1787;18;
1788;5;
1791;1;
1792;24;
1805;8;
1807;38;
1813;1;
1814;2;
